p = 60;
p = p + 30;
pw = 100/3;
Vs = 150;